  7.90127000000000052E-002
 -7.90000000000000060E-006
 -3.83999999999999983E-005
 -4.72281000000000020E-002
  5.90000000000000026E-006
 -1.92650000000000004E-003
 -1.36956000000000005E-002
  3.30000000000000017E-006
  5.52609999999999994E-003
 -4.91939999999999999E-003
 -3.80000000000000004E-006
  8.02980000000000013E-003
 -8.74109999999999991E-003
 -3.70000000000000015E-006
 -3.53119999999999996E-003
 -4.48569999999999958E-003
  7.09999999999999978E-006
 -7.53359999999999967E-003
  9.62500000000000031E-004
 -1.77500000000000005E-004
  2.78439999999999981E-003
  9.65299999999999991E-004
  1.89299999999999993E-004
  2.78480000000000004E-003
  2.17110000000000003E-003
 -1.59000000000000002E-005
 -2.70600000000000018E-004
 -1.37279999999999998E-003
 -8.78999999999999953E-005
 -2.05879999999999995E-003
 -6.16099999999999959E-004
  2.02999999999999988E-005
 -1.62560000000000005E-003
 -1.38949999999999989E-003
  1.11600000000000002E-004
 -2.04969999999999979E-003
  
  1.83047999999999995E-002
 -7.79999999999999986E-006
  1.39999999999999994E-006
 -5.66360000000000040E-003
  1.99999999999999991E-006
 -3.99999999999999982E-007
 -3.32920000000000004E-003
  1.06999999999999992E-005
  1.16999999999999998E-005
 -2.62819999999999981E-003
 -1.86000000000000015E-005
  1.90000000000000002E-006
 -6.88469999999999967E-003
  8.99999999999999959E-007
  2.60000000000000009E-006
 -1.35099999999999999E-003
 -2.99999999999999986E-007
  4.62309999999999978E-003
  2.82899999999999992E-004
  7.53470000000000008E-003
 -4.61970000000000002E-003
  2.84699999999999981E-004
 -7.53660000000000007E-003
 -3.70000000000000015E-006
 -4.73800000000000024E-004
 -8.99999999999999959E-007
 -2.52200000000000004E-004
  6.21999999999999940E-005
 -9.68899999999999970E-004
 -5.99999999999999973E-007
  4.76399999999999979E-004
 -1.30000000000000005E-006
  2.64799999999999985E-004
  6.14000000000000017E-005
  9.70099999999999999E-004
  
  5.25991000000000028E-002
 -2.61599999999999984E-003
  8.99999999999999959E-007
 -7.99060000000000048E-003
  7.07550000000000019E-003
 -9.79999999999999934E-006
 -2.26095000000000011E-002
 -2.35980000000000001E-003
  2.83000000000000001E-005
  3.70270000000000018E-003
 -4.56230000000000004E-003
 -7.19999999999999967E-006
 -1.51103999999999995E-002
  3.34870000000000003E-003
  4.40000000000000022E-006
  3.41639999999999999E-003
 -2.08280000000000010E-003
 -6.67500000000000016E-004
 -5.12090000000000028E-003
 -2.08349999999999985E-003
  6.87600000000000017E-004
 -5.12509999999999962E-003
  5.11100000000000009E-004
  2.30000000000000000E-006
 -3.17229999999999986E-003
  3.27299999999999987E-004
  5.02900000000000027E-004
  2.56500000000000001E-004
  6.98000000000000053E-004
  8.19999999999999942E-006
  2.93799999999999986E-004
  3.16199999999999988E-004
 -4.86600000000000010E-004
  2.35099999999999995E-004
  
  4.84477000000000033E-002
  1.59999999999999993E-006
  2.90300000000000009E-004
 -5.24070000000000005E-003
 -1.48999999999999996E-005
  2.87799999999999992E-003
  5.27899999999999984E-004
  2.65999999999999994E-005
  1.60220000000000002E-003
 -3.02279999999999997E-003
 -7.79999999999999986E-006
 -9.72100000000000047E-004
 -2.71199999999999978E-004
  8.89999999999999949E-006
 -1.74840000000000000E-003
  3.00000000000000008E-005
  1.63599999999999992E-004
  3.54700000000000002E-004
  3.24999999999999972E-005
 -1.43299999999999987E-004
  3.55799999999999975E-004
 -4.45499999999999987E-004
 -4.19999999999999960E-006
 -5.92900000000000046E-004
  5.49600000000000023E-004
  5.10000000000000030E-006
  5.64799999999999959E-004
  9.27000000000000035E-005
  8.30000000000000015E-006
  8.63799999999999963E-004
  5.56900000000000038E-004
  1.63999999999999988E-005
  5.55099999999999994E-004
  
  2.20829999999999985E-003
 -3.00000000000000008E-006
 -8.99999999999999959E-007
  1.27699999999999992E-003
  3.80000000000000004E-006
 -4.50000000000000011E-006
  2.10340000000000006E-003
  8.99999999999999959E-007
  3.99999999999999982E-007
  1.11030000000000005E-003
  8.99999999999999959E-007
 -4.30000000000000033E-006
  7.05699999999999969E-004
 -1.59999999999999993E-006
 -4.93500000000000015E-004
  2.06800000000000012E-004
 -7.94600000000000016E-004
  4.88500000000000002E-004
  2.07800000000000009E-004
  7.87999999999999963E-004
  4.69999999999999989E-006
 -1.37999999999999993E-004
  2.20000000000000011E-006
 -2.40399999999999989E-004
 -6.71000000000000047E-005
 -2.51000000000000002E-005
 -1.39000000000000007E-005
 -4.53200000000000011E-004
 -4.89999999999999967E-006
  2.27099999999999991E-004
 -6.71000000000000047E-005
  2.12000000000000003E-005
  
  6.52720000000000036E-003
  3.69300000000000010E-003
 -7.19999999999999967E-006
  5.25199999999999972E-004
  9.56799999999999947E-004
  2.01999999999999997E-005
 -1.63759999999999991E-003
 -2.72699999999999982E-003
 -5.39999999999999997E-006
  4.04200000000000013E-004
 -1.44399999999999997E-003
  6.90000000000000001E-006
 -1.70919999999999991E-003
  2.02999999999999988E-005
 -4.19999999999999977E-005
  6.25699999999999976E-004
  2.27999999999999985E-005
  5.84000000000000033E-005
  6.27799999999999973E-004
  4.95999999999999994E-005
 -3.19999999999999986E-006
  4.64000000000000030E-005
  3.29099999999999976E-004
 -4.78999999999999988E-005
  1.01399999999999998E-004
  7.39100000000000022E-004
  1.11000000000000005E-005
 -4.47999999999999980E-005
  3.45199999999999988E-004
  5.48999999999999995E-005
  1.01199999999999993E-004
  
  6.08602000000000032E-002
 -6.66999999999999950E-005
 -8.13600000000000044E-004
 -0.12352600000000000     
  2.49599999999999995E-004
 -1.11091999999999996E-002
  8.63900000000000019E-004
 -7.99999999999999964E-006
 -9.74499999999999997E-004
  5.30199999999999986E-004
  8.80000000000000045E-006
  4.13700000000000027E-004
 -1.99600000000000000E-004
  1.07999999999999996E-004
 -7.73600000000000047E-004
 -1.98800000000000008E-004
 -8.33999999999999943E-005
 -7.72200000000000013E-004
 -1.06575999999999997E-002
 -9.09999999999999927E-006
 -4.17809999999999970E-003
  1.58660000000000008E-003
 -8.78800000000000002E-004
  2.19970000000000018E-003
 -4.74290000000000041E-003
 -6.00000000000000015E-006
 -1.05778999999999995E-002
  1.64229999999999997E-003
  9.14800000000000010E-004
  2.30100000000000009E-003
  
  4.28620000000000043E-003
  3.09999999999999997E-006
  2.14100000000000000E-004
 -4.22300000000000019E-004
  3.39999999999999997E-005
 -2.90000000000000019E-006
  7.75599999999999987E-004
 -9.70000000000000030E-006
  2.76999999999999991E-005
 -1.02600000000000000E-004
  2.11000000000000013E-005
 -6.86000000000000005E-005
 -2.04000000000000012E-005
 -2.88000000000000007E-004
  1.18300000000000002E-004
 -2.11000000000000013E-005
  3.31100000000000025E-004
 -1.20999999999999993E-005
 -4.62309999999999978E-003
 -1.90000000000000010E-005
 -3.56859999999999990E-003
  2.25639999999999999E-003
 -6.26629999999999982E-003
  3.07000000000000008E-005
 -2.08399999999999997E-004
  8.18999999999999985E-005
  3.59509999999999994E-003
  2.22669999999999986E-003
  6.23630000000000018E-003
  
  4.93373000000000006E-002
 -9.66659999999999915E-003
  3.69999999999999981E-005
 -1.94748000000000004E-002
  1.18089999999999992E-003
 -3.19999999999999986E-006
 -2.93530000000000006E-003
  2.88100000000000010E-004
  9.59999999999999957E-006
 -1.46999999999999999E-005
 -1.88299999999999996E-004
 -1.72000000000000007E-004
 -9.50899999999999966E-004
 -1.86400000000000004E-004
  1.71499999999999994E-004
 -9.48300000000000011E-004
 -3.52140000000000005E-003
 -3.22999999999999991E-005
 -1.74342999999999998E-002
 -4.21109999999999974E-003
  5.19000000000000011E-005
 -8.07440000000000067E-003
 -1.22959999999999996E-003
  2.52999999999999983E-005
 -9.27000000000000035E-005
 -4.23619999999999986E-003
 -6.45999999999999981E-005
 -8.09140000000000033E-003
  
  0.47563470000000002     
 -8.33300000000000035E-004
  3.99518999999999985E-002
  2.79999999999999975E-004
  1.73000000000000004E-005
 -2.91099999999999974E-004
  8.76799999999999954E-004
 -1.29000000000000002E-005
 -4.85899999999999993E-004
  7.27999999999999942E-005
  5.08000000000000015E-005
 -4.17700000000000016E-004
  6.71000000000000047E-005
 -9.88000000000000027E-005
 -4.24800000000000026E-004
 -8.89999999999999949E-004
  3.13999999999999975E-005
  1.01559999999999997E-003
  3.32000000000000006E-005
  8.55000000000000047E-005
  1.79099999999999989E-004
  7.44700000000000049E-004
 -4.58999999999999976E-005
 -1.11249999999999999E-003
  3.33000000000000030E-005
 -1.33800000000000000E-004
  1.77899999999999987E-004
  
  8.32699999999999933E-003
 -1.11999999999999998E-004
  9.00000000000000023E-006
 -9.71999999999999991E-004
  2.36000000000000010E-005
 -6.09000000000000031E-005
  7.77800000000000041E-004
 -5.37999999999999999E-005
 -4.18199999999999974E-004
  7.43000000000000035E-005
  6.67999999999999974E-004
  2.97200000000000014E-004
  7.42000000000000011E-005
 -7.80500000000000052E-004
  3.27000000000000020E-005
 -8.12299999999999958E-004
  1.46000000000000008E-005
 -6.63300000000000022E-004
 -2.51899999999999997E-004
 -1.95600000000000011E-004
 -3.24000000000000015E-005
 -3.31899999999999990E-004
 -4.02999999999999970E-005
  5.43599999999999986E-004
 -2.43400000000000007E-004
  6.62999999999999988E-005
  
  7.22879000000000022E-002
  4.23800000000000001E-004
  1.70999999999999989E-005
 -1.63100000000000007E-004
 -1.21119999999999995E-003
 -1.77999999999999990E-005
 -2.31080000000000001E-003
 -5.05000000000000024E-004
 -6.68999999999999998E-005
  1.44599999999999991E-004
 -5.09000000000000012E-004
  2.33000000000000005E-005
  1.43299999999999987E-004
 -8.82390000000000084E-003
  4.14999999999999991E-005
  6.63999999999999985E-004
  1.51599999999999999E-004
 -7.55299999999999982E-004
  2.95100000000000017E-004
 -1.73869999999999992E-003
 -4.61000000000000025E-005
 -6.26130000000000003E-003
  1.67800000000000013E-004
  7.05899999999999974E-004
  3.11899999999999992E-004
  
  4.90965000000000013E-002
 -1.10000000000000006E-006
 -3.87719999999999992E-003
 -9.19776999999999956E-002
 -1.10000000000000006E-006
  1.13139000000000000E-002
 -1.91559000000000000E-002
 -1.77651999999999984E-002
  1.11921999999999994E-002
 -1.91519999999999989E-002
  1.77653000000000012E-002
  1.11950999999999995E-002
 -1.44200000000000009E-004
 -3.70000000000000015E-006
  2.61100000000000004E-004
  8.49000000000000037E-005
 -7.99999999999999964E-006
  1.91599999999999995E-004
 -1.53100000000000008E-004
  4.50000000000000011E-006
  1.84300000000000007E-004
  8.73999999999999967E-005
  1.46999999999999999E-005
  1.93799999999999994E-004
  
  4.63679999999999995E-002
 -1.00999999999999999E-005
  1.80000000000000005E-005
 -1.33665999999999993E-002
  1.69999999999999999E-005
 -1.77711000000000015E-002
 -6.59415000000000001E-002
  3.54372999999999980E-002
  1.78028000000000006E-002
 -6.59259999999999985E-002
 -3.54121000000000019E-002
 -1.22000000000000001E-005
  7.66500000000000037E-004
 -7.19999999999999967E-006
  3.63199999999999992E-004
 -7.33000000000000063E-005
  5.14800000000000045E-004
  2.12999999999999994E-005
  9.11000000000000053E-005
  1.70999999999999989E-005
 -3.31899999999999990E-004
 -6.94000000000000064E-005
 -4.73500000000000017E-004
  
  4.23373000000000013E-002
  1.02667999999999995E-002
  6.19999999999999993E-006
 -1.61118999999999984E-002
  1.11917000000000006E-002
  3.48861000000000032E-002
 -3.41723000000000027E-002
  1.11964999999999999E-002
 -3.48629999999999982E-002
 -3.41872000000000009E-002
  2.60399999999999987E-004
 -7.60000000000000008E-006
  8.12999999999999975E-005
 -6.47000000000000006E-005
  1.27999999999999994E-005
 -2.07099999999999992E-004
 -5.45999999999999990E-005
  1.38000000000000000E-005
  1.12900000000000007E-004
 -6.39999999999999971E-005
  1.13000000000000002E-005
 -2.07800000000000009E-004
  
  0.34318399999999999     
 -2.47000000000000007E-005
 -4.01571999999999971E-002
 -6.27109999999999994E-003
  1.77159999999999991E-003
 -3.04899999999999984E-004
 -6.27920000000000041E-003
 -1.81839999999999996E-003
 -3.08899999999999973E-004
  1.49500000000000002E-004
  2.12000000000000003E-005
 -1.39500000000000003E-004
 -3.74999999999999967E-005
 -7.40000000000000030E-006
 -5.14999999999999982E-005
  1.50600000000000001E-004
 -3.99000000000000008E-005
  2.47299999999999994E-004
 -4.25000000000000031E-005
 -5.08000000000000015E-005
 -5.36999999999999975E-005
  
  4.44388000000000005E-002
 -1.55999999999999997E-005
 -2.60920000000000006E-002
  1.55949999999999991E-003
  1.71740000000000000E-003
  2.60553999999999994E-002
  1.55849999999999999E-003
 -1.75549999999999990E-003
  8.69999999999999971E-006
  2.51000000000000002E-005
  5.80000000000000037E-006
 -2.52999999999999983E-005
 -1.29999999999999992E-005
 -3.07000000000000008E-005
 -1.04999999999999994E-005
 -2.01000000000000007E-005
 -1.54000000000000016E-005
 -9.30000000000000074E-006
 -1.20999999999999993E-005
 -2.30000000000000000E-006
  
  5.72287000000000004E-002
  1.64871000000000011E-002
 -2.53909999999999986E-003
 -2.56380000000000019E-003
  1.64901000000000006E-002
  2.49400000000000012E-003
 -2.56550000000000007E-003
  9.15000000000000015E-005
  2.04000000000000012E-005
  1.23599999999999996E-004
 -1.91000000000000001E-005
 -2.72000000000000005E-005
  4.78000000000000031E-005
 -2.33300000000000006E-004
 -3.61999999999999990E-005
  3.80299999999999974E-004
 -2.34999999999999986E-005
 -2.30999999999999991E-005
  4.64000000000000030E-005
  
  6.78329000000000015E-002
  6.68798000000000031E-002
 -4.10796000000000008E-002
  1.39830000000000011E-003
  7.71879999999999962E-003
 -5.30219999999999997E-003
  1.32000000000000010E-004
 -1.32299999999999990E-004
 -8.94000000000000046E-005
 -8.00000000000000065E-005
 -2.60000000000000009E-006
 -2.04600000000000013E-004
  2.55999999999999988E-005
 -1.65000000000000013E-005
  7.93000000000000031E-005
 -5.80000000000000037E-006
 -3.59999999999999984E-006
  1.11000000000000005E-005
  
  0.24458610000000000     
 -0.12966800000000001     
 -7.77089999999999986E-003
 -1.99803999999999989E-002
  1.51921000000000000E-002
 -5.20000000000000019E-006
 -6.81000000000000019E-005
 -3.92999999999999998E-005
 -6.29999999999999982E-006
 -5.83000000000000009E-005
 -1.10100000000000006E-004
 -2.76999999999999991E-005
 -2.47999999999999997E-005
 -9.99999999999999955E-008
  4.89999999999999967E-006
 -1.50000000000000004E-005
  1.34000000000000005E-005
  
  0.13065769999999999     
 -5.30730000000000004E-003
 -1.52499999999999997E-002
  9.43390000000000027E-003
  1.65599999999999987E-004
 -4.73800000000000024E-004
 -1.31000000000000013E-004
 -3.24400000000000025E-004
  8.60000000000000033E-005
 -5.59900000000000003E-004
 -1.66999999999999994E-005
 -3.44000000000000027E-005
 -7.33999999999999952E-005
  1.02200000000000004E-004
  1.62999999999999998E-005
  1.05400000000000001E-004
  
  6.78118999999999944E-002
 -6.69171999999999961E-002
 -4.10958999999999977E-002
  1.36500000000000011E-004
  1.79199999999999992E-004
 -8.78000000000000064E-005
 -3.89999999999999993E-006
 -5.92999999999999981E-005
  9.39999999999999979E-006
  1.73000000000000004E-005
 -6.03999999999999977E-005
  7.33999999999999952E-005
 -9.05000000000000043E-005
 -5.86000000000000014E-005
 -2.11399999999999989E-004
  
  0.24453400000000000     
  0.12967709999999999     
  3.21000000000000010E-005
 -6.99999999999999939E-005
  6.00999999999999972E-005
 -4.72000000000000021E-005
 -1.69000000000000008E-005
 -6.14000000000000017E-005
 -8.39999999999999920E-006
 -2.58000000000000003E-005
 -5.22000000000000017E-005
 -3.69000000000000025E-005
 -5.67000000000000026E-005
  6.34999999999999985E-005
  
  0.13071690000000000     
  1.68800000000000010E-004
  5.19700000000000001E-004
 -1.32000000000000010E-004
  1.05699999999999994E-004
 -7.05999999999999949E-005
  1.07399999999999995E-004
 -2.01000000000000007E-005
 -3.58999999999999985E-005
 -7.83000000000000059E-005
 -3.33899999999999985E-004
 -1.35200000000000007E-004
 -5.61799999999999995E-004
  
  4.92956999999999979E-002
 -7.09999999999999978E-006
 -4.49689999999999986E-003
 -2.05912999999999999E-002
  1.85326999999999992E-002
  1.06260999999999994E-002
 -9.35570000000000013E-002
  5.26400000000000002E-004
  1.24604999999999994E-002
 -2.10416000000000006E-002
 -1.90214000000000008E-002
  1.11009000000000004E-002
  
  4.88579999999999987E-002
 -1.25000000000000006E-005
  1.87423999999999993E-002
 -6.87526999999999999E-002
 -3.02468000000000008E-002
  5.16900000000000042E-004
 -1.42556999999999996E-002
 -6.33999999999999961E-005
 -1.92160999999999998E-002
 -6.79516000000000009E-002
  3.03971999999999992E-002
  
  4.43119000000000013E-002
  1.16851000000000003E-002
 -3.14706000000000014E-002
 -3.12882000000000021E-002
  8.91759999999999949E-003
 -5.25000000000000022E-005
 -1.50431999999999996E-002
  1.21919000000000003E-002
  3.16147999999999985E-002
 -3.16815999999999973E-002
  
  6.96838000000000041E-002
 -6.84706000000000065E-002
 -3.63641000000000034E-002
 -5.00890000000000016E-003
  2.80904000000000015E-002
  1.45319999999999998E-002
  2.83609999999999982E-003
 -9.69889999999999988E-003
 -4.93820000000000023E-003
  
  0.24944669999999999     
  0.11893310000000000     
 -1.27279999999999993E-003
  9.21000000000000052E-004
  1.68979999999999998E-003
  9.33849999999999958E-003
 -2.07978000000000017E-002
 -1.30019999999999997E-002
  
  0.13028650000000000     
  5.89499999999999963E-004
 -2.28629999999999979E-003
 -1.64529999999999993E-003
 -4.84370000000000026E-003
  1.31900000000000003E-002
  9.00070000000000037E-003
  
  0.35228379999999998     
 -1.86819999999999998E-003
 -3.05357999999999984E-002
 -5.28680000000000035E-003
  1.30499999999999995E-003
  5.89400000000000015E-004
  
  4.80562000000000003E-002
  2.46899999999999984E-004
 -2.79726999999999996E-002
  1.25960000000000004E-003
  2.15869999999999994E-003
  
  6.03797000000000014E-002
  1.46684999999999992E-002
 -1.95020000000000002E-003
 -1.65270000000000000E-003
  
  7.13460999999999956E-002
  7.03912000000000010E-002
 -3.82781000000000024E-002
  
  0.24642980000000000     
 -0.11927580000000000     
  
  0.13178080000000000     
  
